40.664274 -73.9385
34.019394 -118.410825
41.837551 -87.681844
29.780472-95.386342
40.009376 -75.133346
33.572162 -112.087966
29.472403 -98.525142
32.8153 -117.134993
32.794176 -96.765503
37.296867 -121.819306
30.307182 -97.755996
30.337019 -81.661302
37.77492 -122.41941
39.776664 -86.145935
39.984799 -82.985044
32.779542 -97.346335
35.208707 -80.830739
47.620499 -122.350876
39.761849 -104.880625
31.84836 -106.426979
42.383037 -83.102237
38.904149 -77.017094
42.33196 -71.020173
35.103543 -89.978498
36.1718 -86.785002
45.536951 -122.649971
35.467079 -97.513657
36.227712 -115.264045
39.300213 -76.610516
38.178077 -85.666708
43.063348 -87.966695
35.105552 -106.647388
32.154289 -110.871062
36.782674 -119.794492
38.566592 -121.468632
39.125212 -94.551136
33.809102 -118.155327
33.401926 -111.717379
33.762909 -84.422675
38.867255 -104.760749
36.779322 -76.02402
35.830204 -78.641439
41.264675 -96.041927
25.775163 -80.208615
37.769857 -122.22564
44.963323 -93.268284
36.127949 -95.902316
37.690694 -97.342678
30.068636 -89.939007
32.700708 -97.124691
43.087806 -89.430121
